1161
80
378
134
64
312
697
2017
746
158
105
65
80
469
80
105
5174
1071
213
1030
1864
104
65
2579
1870
2043
1795
133
133
133
398
341
1830
413
133
1009
1010
885
185
1010
133
133
861
161
908
348
105
186
492
105
1756
1113
347
1978
105
3610
1282
105
133
185
1107
1178
104
64
204
133
213
1091
186
982
377
850
1174
133
133
133
133
133
104
1174
0
0
0
0
0
63
24
357
460
822
3491
357
348
1488
2054
187
1928
369
283
250
2253
854
765
3424
133
133
157
2473
3476
1802
2611
97
104
175
133
2568
12
3
1603
1999
3440
2447
147
1393
1563
177
228
65
3372
2462
150
2937
2278
842
198
1330
148
179
1335
2357
568
258
199
199
177
1477
157
221
1456
178
2958
3376
1421
229
2249
2229
148
1099
3396
158
1013
3452
602
147
3445
602
3311
179
932
158
426
2155
1011
1464
3455
1009
1008
177
43
1011
1010
1185
1186
3002
856
1467
147
179
3350
1009
2256
178
178
894
1481
1011
158
694
1015
179
2503
1890
2395
148
2030
426
981
1274
2280
147
3052
149
228
1580
2258
497
1900
402
104
179
371
148
980
238
340
